NEAT_ParametersStart
PopulationSize 25
DynamicCompatibility true
MinSpecies 1
MaxSpecies 6
InnovationsForever true
AllowClones true
YoungAgeTreshold 15
YoungAgeFitnessBoost 1.10000000000000008882
SpeciesDropoffAge 50
StagnationDelta 0.00000000000000000000
OldAgeTreshold 10
OldAgePenalty 1.00000000000000000000
DetectCompetetiveCoevolutionStagnation false
KillWorstSpeciesEach 15
KillWorstAge 10
SurvivalRate 0.25000000000000000000
CrossoverRate 0.69999999999999995559
OverallMutationRate 0.29999999999999998890
InterspeciesCrossoverRate 0.00010000000000000000
MultipointCrossoverRate 0.75000000000000000000
RouletteWheelSelection false
PhasedSearching false
DeltaCoding false
SimplifyingPhaseMPCTreshold 20
SimplifyingPhaseStagnationTreshold 30
ComplexityFloorGenerations 40
NoveltySearch_K 15
NoveltySearch_P_min 0.50000000000000000000
NoveltySearch_Dynamic_Pmin true
NoveltySearch_No_Archiving_Stagnation_Treshold 150
NoveltySearch_Pmin_lowering_multiplier 0.90000000000000002220
NoveltySearch_Pmin_min 0.05000000000000000278
NoveltySearch_Quick_Archiving_Min_Evaluations 8
NoveltySearch_Pmin_raising_multiplier 1.10000000000000008882
NoveltySearch_Recompute_Sparseness_Each 25
MutateAddNeuronProb 0.01000000000000000021
SplitRecurrent true
SplitLoopedRecurrent true
NeuronTries 99
MutateAddLinkProb 0.08000000000000000167
MutateAddLinkFromBiasProb 0.00000000000000000000
MutateRemLinkProb 0.02000000000000000042
MutateRemSimpleNeuronProb 0.00000000000000000000
LinkTries 32
RecurrentProb 0.00000000000000000000
RecurrentLoopProb 0.25000000000000000000
MutateWeightsProb 0.90000000000000002220
MutateWeightsSevereProb 0.25000000000000000000
WeightMutationRate 1.00000000000000000000
WeightMutationMaxPower 0.20000000000000001110
WeightReplacementMaxPower 1.00000000000000000000
MaxWeight 8.00000000000000000000
MutateActivationAProb 0.00000000000000000000
MutateActivationBProb 0.00000000000000000000
ActivationAMutationMaxPower 0.50000000000000000000
ActivationBMutationMaxPower 0.00000000000000000000
TimeConstantMutationMaxPower 0.00000000000000000000
BiasMutationMaxPower 1.00000000000000000000
MinActivationA 1.00000000000000000000
MaxActivationA 1.00000000000000000000
MinActivationB 0.00000000000000000000
MaxActivationB 0.00000000000000000000
MutateNeuronActivationTypeProb 0.02999999999999999889
ActivationFunction_SignedSigmoid_Prob 1.00000000000000000000
ActivationFunction_UnsignedSigmoid_Prob 1.00000000000000000000
ActivationFunction_Tanh_Prob 1.00000000000000000000
ActivationFunction_TanhCubic_Prob 1.00000000000000000000
ActivationFunction_SignedStep_Prob 1.00000000000000000000
ActivationFunction_UnsignedStep_Prob 1.00000000000000000000
ActivationFunction_SignedGauss_Prob 1.00000000000000000000
ActivationFunction_UnsignedGauss_Prob 1.00000000000000000000
ActivationFunction_Abs_Prob 1.00000000000000000000
ActivationFunction_SignedSine_Prob 1.00000000000000000000
ActivationFunction_UnsignedSine_Prob 1.00000000000000000000
ActivationFunction_Linear_Prob 1.00000000000000000000
ActivationFunction_Relu_Prob 0.00000000000000000000
ActivationFunction_Softplus_Prob 0.00000000000000000000
MutateNeuronTimeConstantsProb 0.00000000000000000000
MutateNeuronBiasesProb 0.00000000000000000000
MinNeuronTimeConstant 0.00000000000000000000
MaxNeuronTimeConstant 0.00000000000000000000
MinNeuronBias 0.00000000000000000000
MaxNeuronBias 0.00000000000000000000
DontUseBiasNeuron true
AllowLoops false
DisjointCoeff 1.00000000000000000000
ExcessCoeff 1.00000000000000000000
ActivationADiffCoeff 0.00000000000000000000
ActivationBDiffCoeff 0.00000000000000000000
WeightDiffCoeff 0.50000000000000000000
TimeConstantDiffCoeff 0.00000000000000000000
BiasDiffCoeff 0.00000000000000000000
ActivationFunctionDiffCoeff 0.00000000000000000000
CompatTreshold 2.00000000000000000000
MinCompatTreshold 0.20000000000000001110
CompatTresholdModifier 0.29999999999999998890
CompatTreshChangeInterval_Generations 1
CompatTreshChangeInterval_Evaluations 10
DivisionThreshold 0.02999999999999999889
VarianceThreshold 0.02999999999999999889
BandThreshold 0.29999999999999998890
InitialDepth 3
MaxDepth 3
IterationLevel 1
TournamentSize 4
CPPN_Bias 1.00000000000000000000
Width 2.00000000000000000000
Height 2.00000000000000000000
Qtree_X 0.00000000000000000000
Qtree_Y 0.00000000000000000000
Leo false
LeoThreshold 0.10000000000000000555
LeoSeed false
GeometrySeed false
Elitism 0.10000000000000000555
NEAT_ParametersEnd

Command line parameters
symmetry: False
HyperNEAT: False
Gen | Min | Avg | Max | RunTime
0,0,8,20,6.09127092361
1,0,16,20,7.17022204399
2,0,17,20,6.78695487976
3,10,18,20,7.1641190052
4,10,19,20,7.38808393478
5,0,17,20,7.43264985085
6,0,16,20,7.75697112083
7,0,17,20,7.94498610497
8,0,17,20,7.84405684471
9,0,18,20,7.45809602737
10,0,15,20,7.00294089317
11,0,15,20,7.56329011917
12,10,18,20,7.89002799988
13,10,19,20,7.5337100029
14,10,19,20,7.95183300972
15,0,16,20,7.26637601852
16,10,18,20,7.87732887268
17,10,18,20,8.14926195145
18,0,17,20,7.89834189415
19,10,18,20,8.11466217041
20,10,19,20,8.14538383484
21,0,18,20,7.60407114029
22,10,19,20,7.57311296463
23,0,18,20,7.36900305748
24,0,18,20,7.53008294106
25,10,18,20,8.16445207596
26,10,19,20,7.6856610775
27,20,20,20,8.0458240509
28,0,18,20,7.49405002594
29,0,18,20,7.91271185875
30,0,18,20,7.87383198738
31,0,17,20,8.08242511749
32,20,20,20,8.18040800095
33,10,19,20,7.76058983803
34,10,19,20,8.06558704376
35,0,18,20,7.77484679222
36,10,19,20,7.78233218193
37,10,18,20,7.641726017
38,10,19,20,7.58572387695
39,0,18,20,7.48223400116
40,0,18,20,7.77643489838
41,10,19,20,7.31591200829
42,10,19,20,8.3979549408
43,0,17,20,7.65637898445
44,10,19,20,7.76622509956
45,0,18,20,8.10022187233
46,0,18,20,7.77703285217
47,0,19,20,7.89210987091
48,0,18,20,8.0460870266
49,10,19,20,8.35099196434
50,0,18,20,8.03918600082
51,0,18,20,8.93249416351
52,0,18,20,7.76353096962
53,0,18,20,8.04135203362
54,10,19,20,7.78634691238
55,0,17,20,7.50778388977
56,0,19,20,7.72642302513
57,20,20,20,7.90216803551
58,0,18,20,7.81960892677
59,10,19,20,7.79338407516
60,20,20,20,7.93551111221
61,20,20,20,7.84570097923
62,0,18,20,7.45557522774
63,20,20,20,8.13396120071
64,0,19,20,7.90119290352
65,10,19,20,7.5125670433
66,0,18,20,7.7879679203
67,10,19,20,7.7880449295
68,0,18,20,7.87490010262
69,0,18,20,7.5859978199
70,0,16,20,8.1049079895
71,0,18,20,7.87802410126
72,10,19,20,8.16096496582
73,10,18,20,7.84164094925
74,0,17,20,8.55845403671
75,10,18,20,8.03471517563
76,0,19,20,7.72092795372
77,0,17,20,7.67524981499
78,0,18,20,7.60484004021
79,0,17,20,7.93597698212
80,0,18,20,7.43454694748
81,0,18,20,7.89819312096
82,10,19,20,8.10703706741
83,0,17,20,7.5132920742
84,0,17,20,7.64767098427
85,10,19,20,8.25485920906
86,10,19,20,8.18308401108
87,10,18,20,7.90327191353
88,10,18,20,7.37670302391
89,0,18,20,7.58087491989
90,0,18,20,7.37337493896
91,0,17,20,8.15453910828
92,0,17,20,7.44506788254
93,10,18,20,7.87460303307
94,10,19,20,8.05225086212
95,4,18,20,8.50297403336
96,10,18,20,8.04341292381
97,10,17,20,7.58587002754
98,10,18,20,8.02181696892
99,10,19,20,8.09787893295
