NEAT_ParametersStart
PopulationSize 25
DynamicCompatibility true
MinSpecies 1
MaxSpecies 6
InnovationsForever true
AllowClones true
YoungAgeTreshold 15
YoungAgeFitnessBoost 1.10000000000000008882
SpeciesDropoffAge 50
StagnationDelta 0.00000000000000000000
OldAgeTreshold 10
OldAgePenalty 1.00000000000000000000
DetectCompetetiveCoevolutionStagnation false
KillWorstSpeciesEach 15
KillWorstAge 10
SurvivalRate 0.25000000000000000000
CrossoverRate 0.69999999999999995559
OverallMutationRate 0.29999999999999998890
InterspeciesCrossoverRate 0.00010000000000000000
MultipointCrossoverRate 0.75000000000000000000
RouletteWheelSelection false
PhasedSearching false
DeltaCoding false
SimplifyingPhaseMPCTreshold 20
SimplifyingPhaseStagnationTreshold 30
ComplexityFloorGenerations 40
NoveltySearch_K 15
NoveltySearch_P_min 0.50000000000000000000
NoveltySearch_Dynamic_Pmin true
NoveltySearch_No_Archiving_Stagnation_Treshold 150
NoveltySearch_Pmin_lowering_multiplier 0.90000000000000002220
NoveltySearch_Pmin_min 0.05000000000000000278
NoveltySearch_Quick_Archiving_Min_Evaluations 8
NoveltySearch_Pmin_raising_multiplier 1.10000000000000008882
NoveltySearch_Recompute_Sparseness_Each 25
MutateAddNeuronProb 0.01000000000000000021
SplitRecurrent true
SplitLoopedRecurrent true
NeuronTries 167843074
MutateAddLinkProb 0.08000000000000000167
MutateAddLinkFromBiasProb 0.00000000000000000000
MutateRemLinkProb 0.02000000000000000042
MutateRemSimpleNeuronProb 0.00000000000000000000
LinkTries 32
RecurrentProb 0.00000000000000000000
RecurrentLoopProb 0.25000000000000000000
MutateWeightsProb 0.90000000000000002220
MutateWeightsSevereProb 0.25000000000000000000
WeightMutationRate 1.00000000000000000000
WeightMutationMaxPower 0.20000000000000001110
WeightReplacementMaxPower 1.00000000000000000000
MaxWeight 8.00000000000000000000
MutateActivationAProb 0.00000000000000000000
MutateActivationBProb 0.00000000000000000000
ActivationAMutationMaxPower 0.50000000000000000000
ActivationBMutationMaxPower 0.00000000000000000000
TimeConstantMutationMaxPower 0.00000000000000000000
BiasMutationMaxPower 1.00000000000000000000
MinActivationA 1.00000000000000000000
MaxActivationA 1.00000000000000000000
MinActivationB 0.00000000000000000000
MaxActivationB 0.00000000000000000000
MutateNeuronActivationTypeProb 0.02999999999999999889
ActivationFunction_SignedSigmoid_Prob 1.00000000000000000000
ActivationFunction_UnsignedSigmoid_Prob 1.00000000000000000000
ActivationFunction_Tanh_Prob 1.00000000000000000000
ActivationFunction_TanhCubic_Prob 1.00000000000000000000
ActivationFunction_SignedStep_Prob 1.00000000000000000000
ActivationFunction_UnsignedStep_Prob 1.00000000000000000000
ActivationFunction_SignedGauss_Prob 1.00000000000000000000
ActivationFunction_UnsignedGauss_Prob 1.00000000000000000000
ActivationFunction_Abs_Prob 1.00000000000000000000
ActivationFunction_SignedSine_Prob 1.00000000000000000000
ActivationFunction_UnsignedSine_Prob 1.00000000000000000000
ActivationFunction_Linear_Prob 1.00000000000000000000
ActivationFunction_Relu_Prob 0.00000000000000000000
ActivationFunction_Softplus_Prob 0.00000000000000000000
MutateNeuronTimeConstantsProb 0.00000000000000000000
MutateNeuronBiasesProb 0.00000000000000000000
MinNeuronTimeConstant 0.00000000000000000000
MaxNeuronTimeConstant 0.00000000000000000000
MinNeuronBias 0.00000000000000000000
MaxNeuronBias 0.00000000000000000000
DontUseBiasNeuron false
AllowLoops false
DisjointCoeff 1.00000000000000000000
ExcessCoeff 1.00000000000000000000
ActivationADiffCoeff 0.00000000000000000000
ActivationBDiffCoeff 0.00000000000000000000
WeightDiffCoeff 0.50000000000000000000
TimeConstantDiffCoeff 0.00000000000000000000
BiasDiffCoeff 0.00000000000000000000
ActivationFunctionDiffCoeff 0.00000000000000000000
CompatTreshold 2.00000000000000000000
MinCompatTreshold 0.20000000000000001110
CompatTresholdModifier 0.29999999999999998890
CompatTreshChangeInterval_Generations 1
CompatTreshChangeInterval_Evaluations 10
DivisionThreshold 0.02999999999999999889
VarianceThreshold 0.02999999999999999889
BandThreshold 0.29999999999999998890
InitialDepth 3
MaxDepth 3
IterationLevel 1
TournamentSize 4
CPPN_Bias 1.00000000000000000000
Width 2.00000000000000000000
Height 2.00000000000000000000
Qtree_X 0.00000000000000000000
Qtree_Y 0.00000000000000000000
Leo false
LeoThreshold 0.10000000000000000555
LeoSeed false
GeometrySeed false
Elitism 0.10000000000000000555
NEAT_ParametersEnd

Command line parameters
symmetry: True
HyperNEAT: False
Gen | Min | Avg | Max | RunTime
0,0,5,20,8.4261879921
1,0,9,20,9.81338810921
2,0,12,20,10.8098168373
3,0,11,20,13.0912091732
4,0,13,20,12.8288230896
5,0,14,20,12.7350711823
6,0,15,20,12.7626779079
7,0,17,20,13.2033410072
8,0,16,20,12.3728070259
9,0,17,20,12.2098829746
10,0,15,20,11.8368029594
11,0,17,20,11.5340428352
12,0,15,20,11.4058790207
13,0,17,20,11.9476530552
14,0,15,20,11.6432411671
15,0,16,20,10.8618841171
16,0,16,20,11.4582180977
17,0,18,20,11.2727549076
18,0,15,20,11.3262610435
19,0,17,20,11.338711977
20,0,18,20,12.0118510723
21,0,17,20,11.3488280773
22,0,16,20,10.4088380337
23,0,18,20,11.0125041008
24,0,17,20,11.021958828
25,0,16,20,11.0841388702
26,0,12,20,11.3233189583
27,0,15,20,11.9966659546
28,0,17,20,10.920388937
29,0,15,20,11.7230780125
30,0,15,20,11.2961859703
31,3,17,20,12.2672660351
32,0,17,20,11.5048439503
33,0,15,20,11.0197651386
34,0,17,20,12.6913020611
35,0,16,20,11.7271521091
36,0,17,20,12.7103960514
37,10,19,20,11.9115540981
38,0,14,20,11.5092670918
39,9,18,20,12.3997738361
40,0,15,20,12.6367721558
41,0,18,20,13.3958420753
42,0,17,20,12.8184268475
43,0,18,20,12.2449741364
44,7,19,20,12.9208011627
45,0,18,20,12.669948101
46,0,17,20,12.226006031
47,0,17,20,13.1903848648
48,9,16,20,12.5938220024
49,0,17,20,12.5886831284
50,0,17,20,12.2414290905
51,0,16,20,11.7821130753
52,0,18,20,12.1559610367
53,0,16,20,12.9235169888
54,7,17,20,11.653578043
55,0,17,20,11.4584748745
56,0,17,20,11.8062241077
57,0,17,20,11.8070189953
58,0,17,20,11.9084429741
59,0,16,20,11.176502943
60,8,17,20,12.0252139568
61,0,18,20,12.0110969543
62,8,18,20,11.7625038624
63,0,14,20,11.6246778965
64,4,17,20,12.0785410404
65,4,17,20,12.4312839508
66,0,17,20,11.9468040466
67,0,17,20,12.5424730778
68,0,16,20,12.413367033
69,10,18,20,12.0118601322
70,0,17,20,11.7609450817
71,0,15,20,11.5239980221
72,0,16,20,11.6204059124
73,0,18,20,11.7463347912
74,1,16,20,11.6807889938
75,0,15,20,11.976982832
76,0,16,20,13.100039959
77,0,16,20,11.6312730312
78,0,16,20,12.4110090733
79,0,15,20,12.385228157
80,0,15,20,10.7395720482
81,0,13,20,11.2109789848
82,7,18,20,10.9886348248
83,4,17,20,12.4870228767
84,0,16,20,11.8979580402
85,0,16,20,10.9938840866
86,0,17,20,10.7533929348
87,0,16,20,10.5531480312
88,10,19,20,10.6392230988
89,20,20,20,10.9466240406
90,0,18,20,11.0317358971
91,0,18,20,10.5571010113
92,1,18,20,10.8121068478
93,0,18,20,10.0212540627
94,0,17,20,9.35360717773
95,0,15,20,10.1252861023
96,0,17,20,10.2631549835
97,2,17,20,10.0092439651
98,0,15,20,10.4017760754
99,1,17,20,10.8398478031
