NEAT_ParametersStart
PopulationSize 25
DynamicCompatibility true
MinSpecies 1
MaxSpecies 6
InnovationsForever true
AllowClones true
YoungAgeTreshold 15
YoungAgeFitnessBoost 1.10000000000000008882
SpeciesDropoffAge 50
StagnationDelta 0.00000000000000000000
OldAgeTreshold 10
OldAgePenalty 1.00000000000000000000
DetectCompetetiveCoevolutionStagnation false
KillWorstSpeciesEach 15
KillWorstAge 10
SurvivalRate 0.25000000000000000000
CrossoverRate 0.69999999999999995559
OverallMutationRate 0.29999999999999998890
InterspeciesCrossoverRate 0.00010000000000000000
MultipointCrossoverRate 0.75000000000000000000
RouletteWheelSelection false
PhasedSearching false
DeltaCoding false
SimplifyingPhaseMPCTreshold 20
SimplifyingPhaseStagnationTreshold 30
ComplexityFloorGenerations 40
NoveltySearch_K 15
NoveltySearch_P_min 0.50000000000000000000
NoveltySearch_Dynamic_Pmin true
NoveltySearch_No_Archiving_Stagnation_Treshold 150
NoveltySearch_Pmin_lowering_multiplier 0.90000000000000002220
NoveltySearch_Pmin_min 0.05000000000000000278
NoveltySearch_Quick_Archiving_Min_Evaluations 8
NoveltySearch_Pmin_raising_multiplier 1.10000000000000008882
NoveltySearch_Recompute_Sparseness_Each 25
MutateAddNeuronProb 0.01000000000000000021
SplitRecurrent true
SplitLoopedRecurrent true
NeuronTries 167843074
MutateAddLinkProb 0.08000000000000000167
MutateAddLinkFromBiasProb 0.00000000000000000000
MutateRemLinkProb 0.02000000000000000042
MutateRemSimpleNeuronProb 0.00000000000000000000
LinkTries 32
RecurrentProb 0.00000000000000000000
RecurrentLoopProb 0.25000000000000000000
MutateWeightsProb 0.90000000000000002220
MutateWeightsSevereProb 0.25000000000000000000
WeightMutationRate 1.00000000000000000000
WeightMutationMaxPower 0.20000000000000001110
WeightReplacementMaxPower 1.00000000000000000000
MaxWeight 8.00000000000000000000
MutateActivationAProb 0.00000000000000000000
MutateActivationBProb 0.00000000000000000000
ActivationAMutationMaxPower 0.50000000000000000000
ActivationBMutationMaxPower 0.00000000000000000000
TimeConstantMutationMaxPower 0.00000000000000000000
BiasMutationMaxPower 1.00000000000000000000
MinActivationA 1.00000000000000000000
MaxActivationA 1.00000000000000000000
MinActivationB 0.00000000000000000000
MaxActivationB 0.00000000000000000000
MutateNeuronActivationTypeProb 0.02999999999999999889
ActivationFunction_SignedSigmoid_Prob 1.00000000000000000000
ActivationFunction_UnsignedSigmoid_Prob 1.00000000000000000000
ActivationFunction_Tanh_Prob 1.00000000000000000000
ActivationFunction_TanhCubic_Prob 1.00000000000000000000
ActivationFunction_SignedStep_Prob 1.00000000000000000000
ActivationFunction_UnsignedStep_Prob 1.00000000000000000000
ActivationFunction_SignedGauss_Prob 1.00000000000000000000
ActivationFunction_UnsignedGauss_Prob 1.00000000000000000000
ActivationFunction_Abs_Prob 1.00000000000000000000
ActivationFunction_SignedSine_Prob 1.00000000000000000000
ActivationFunction_UnsignedSine_Prob 1.00000000000000000000
ActivationFunction_Linear_Prob 1.00000000000000000000
ActivationFunction_Relu_Prob 0.00000000000000000000
ActivationFunction_Softplus_Prob 0.00000000000000000000
MutateNeuronTimeConstantsProb 0.00000000000000000000
MutateNeuronBiasesProb 0.00000000000000000000
MinNeuronTimeConstant 0.00000000000000000000
MaxNeuronTimeConstant 0.00000000000000000000
MinNeuronBias 0.00000000000000000000
MaxNeuronBias 0.00000000000000000000
DontUseBiasNeuron false
AllowLoops false
DisjointCoeff 1.00000000000000000000
ExcessCoeff 1.00000000000000000000
ActivationADiffCoeff 0.00000000000000000000
ActivationBDiffCoeff 0.00000000000000000000
WeightDiffCoeff 0.50000000000000000000
TimeConstantDiffCoeff 0.00000000000000000000
BiasDiffCoeff 0.00000000000000000000
ActivationFunctionDiffCoeff 0.00000000000000000000
CompatTreshold 2.00000000000000000000
MinCompatTreshold 0.20000000000000001110
CompatTresholdModifier 0.29999999999999998890
CompatTreshChangeInterval_Generations 1
CompatTreshChangeInterval_Evaluations 10
DivisionThreshold 0.02999999999999999889
VarianceThreshold 0.02999999999999999889
BandThreshold 0.29999999999999998890
InitialDepth 3
MaxDepth 3
IterationLevel 1
TournamentSize 4
CPPN_Bias 1.00000000000000000000
Width 2.00000000000000000000
Height 2.00000000000000000000
Qtree_X 0.00000000000000000000
Qtree_Y 0.00000000000000000000
Leo false
LeoThreshold 0.10000000000000000555
LeoSeed false
GeometrySeed false
Elitism 0.10000000000000000555
NEAT_ParametersEnd

Command line parameters
symmetry: True
HyperNEAT: False
Gen | Min | Avg | Max | RunTime
0,7,11,16,14.6231369972
1,10,14,19,12.4496779442
2,9,15.0,18,12.3942470551
3,5,15.32,20,12.6654539108
4,12,15,20,12.9315068722
5,11,15,18,12.2632460594
6,8,14,18,12.7721629143
7,10,15,20,12.4934978485
8,13,15,19,12.2419030666
9,12,16,20,12.2768549919
10,10,15,19,12.3962349892
11,10,15,19,12.0408890247
12,11,16,20,12.037293911
13,9,15.86,20,12.2325468063
14,12,16,18,11.6781919003
15,10,15,20,13.0172359943
16,12,15,19,12.2190358639
17,12,16,20,11.937554121
18,10,15,18,12.705627203
19,13,16,19,12.1593620777
20,10,15,19,12.6558721066
21,12,15,20,12.6389701366
22,12,15,19,12.6695590019
23,10,15,20,12.2121009827
24,11,15,20,11.8995890617
25,8,14,18,12.2849390507
26,9,14,18,13.1185472012
27,10,15,18,12.5522038937
28,9,15,19,12.8567819595
29,10.5,15.0185185185,18,13.8822212219
30,11,15,20,12.5879380703
31,9,15.38,18,12.4468638897
32,11,16,20,12.0347878933
33,10,15,20,12.0711951256
34,11,15,19,12.5707011223
35,11,15,19,12.4066162109
36,8,14,18,12.7764730453
37,11,15,20,12.7148890495
38,10,14,19,12.9657518864
39,8,13,18,13.1120669842
40,10,14,18,13.5294859409
41,7,14,18,13.2624230385
42,9,14,19,13.0850272179
43,10,15.02,19,13.299574852
44,12,15,19,13.4581308365
45,9,14,19,13.3246929646
46,10,15,19,13.1675820351
47,11,14,19,12.7339270115
48,9,15,20,12.9395508766
49,10,14,20,12.3714361191
50,8,15,20,12.6794319153
51,11,15,19,12.4512078762
52,11,14,19,12.4678390026
53,9,15,19,12.8713262081
54,11,15.3269230769,19,13.20728302
55,8,14,19,12.4646279812
56,12,15.74,19,12.328496933
57,10,15,20,11.9539048672
58,11,15,19,11.8509118557
59,11,16,20,12.7128949165
60,12,15.1,19,11.6421620846
61,11,15,20,12.1701869965
62,13,16,19,11.8989129066
63,12,16,20,11.6555490494
64,10,15,20,11.6547219753
65,11,16,19,12.3898208141
66,13,16,19,12.0927288532
67,9,16,19,12.0192830563
68,13,15,18,12.1804139614
69,11,16,20,12.1305220127
70,12,16,20,11.8621249199
71,14,15,19,12.5020110607
72,13,16,20,12.5086109638
73,13,16,20,12.2153530121
74,11,15,19,12.333835125
75,13,16,19,13.3561959267
76,10,15,20,12.4227390289
77,12,15,18,12.7868230343
78,13,16.4038461538,20,12.9090869427
79,13,16,19,12.4110879898
80,13,16,19,12.8336799145
81,13,15,20,12.3432178497
82,12,16.1,19,11.9073898792
83,13,16,19,12.1598360538
84,13,16,19,11.9080731869
85,11,15,19,12.1394870281
86,12,16,19,12.4531447887
87,11,15,19,12.2361559868
88,11,16,20,12.1598329544
89,12,15,19,12.5039870739
90,9,15,19,12.0249238014
91,11,14,18,12.9854369164
92,11,15.14,19,12.4234149456
93,11,15,19,12.7024130821
94,11,15,19,11.996712923
95,11,16,19,11.8670859337
96,13,15,20,11.8025660515
97,8,16,20,11.812898159
98,10,15,19,12.1861190796
99,11,15,19,12.0462310314
