NEAT_ParametersStart
PopulationSize 25
DynamicCompatibility true
MinSpecies 1
MaxSpecies 6
InnovationsForever true
AllowClones true
YoungAgeTreshold 15
YoungAgeFitnessBoost 1.10000000000000008882
SpeciesDropoffAge 50
StagnationDelta 0.00000000000000000000
OldAgeTreshold 10
OldAgePenalty 1.00000000000000000000
DetectCompetetiveCoevolutionStagnation false
KillWorstSpeciesEach 15
KillWorstAge 10
SurvivalRate 0.25000000000000000000
CrossoverRate 0.69999999999999995559
OverallMutationRate 0.29999999999999998890
InterspeciesCrossoverRate 0.00010000000000000000
MultipointCrossoverRate 0.75000000000000000000
RouletteWheelSelection false
PhasedSearching false
DeltaCoding false
SimplifyingPhaseMPCTreshold 20
SimplifyingPhaseStagnationTreshold 30
ComplexityFloorGenerations 40
NoveltySearch_K 15
NoveltySearch_P_min 0.50000000000000000000
NoveltySearch_Dynamic_Pmin true
NoveltySearch_No_Archiving_Stagnation_Treshold 150
NoveltySearch_Pmin_lowering_multiplier 0.90000000000000002220
NoveltySearch_Pmin_min 0.05000000000000000278
NoveltySearch_Quick_Archiving_Min_Evaluations 8
NoveltySearch_Pmin_raising_multiplier 1.10000000000000008882
NoveltySearch_Recompute_Sparseness_Each 25
MutateAddNeuronProb 0.01000000000000000021
SplitRecurrent true
SplitLoopedRecurrent true
NeuronTries 167843074
MutateAddLinkProb 0.08000000000000000167
MutateAddLinkFromBiasProb 0.00000000000000000000
MutateRemLinkProb 0.02000000000000000042
MutateRemSimpleNeuronProb 0.00000000000000000000
LinkTries 32
RecurrentProb 0.00000000000000000000
RecurrentLoopProb 0.25000000000000000000
MutateWeightsProb 0.90000000000000002220
MutateWeightsSevereProb 0.25000000000000000000
WeightMutationRate 1.00000000000000000000
WeightMutationMaxPower 0.20000000000000001110
WeightReplacementMaxPower 1.00000000000000000000
MaxWeight 8.00000000000000000000
MutateActivationAProb 0.00000000000000000000
MutateActivationBProb 0.00000000000000000000
ActivationAMutationMaxPower 0.50000000000000000000
ActivationBMutationMaxPower 0.00000000000000000000
TimeConstantMutationMaxPower 0.00000000000000000000
BiasMutationMaxPower 1.00000000000000000000
MinActivationA 1.00000000000000000000
MaxActivationA 1.00000000000000000000
MinActivationB 0.00000000000000000000
MaxActivationB 0.00000000000000000000
MutateNeuronActivationTypeProb 0.02999999999999999889
ActivationFunction_SignedSigmoid_Prob 1.00000000000000000000
ActivationFunction_UnsignedSigmoid_Prob 1.00000000000000000000
ActivationFunction_Tanh_Prob 1.00000000000000000000
ActivationFunction_TanhCubic_Prob 1.00000000000000000000
ActivationFunction_SignedStep_Prob 1.00000000000000000000
ActivationFunction_UnsignedStep_Prob 1.00000000000000000000
ActivationFunction_SignedGauss_Prob 1.00000000000000000000
ActivationFunction_UnsignedGauss_Prob 1.00000000000000000000
ActivationFunction_Abs_Prob 1.00000000000000000000
ActivationFunction_SignedSine_Prob 1.00000000000000000000
ActivationFunction_UnsignedSine_Prob 1.00000000000000000000
ActivationFunction_Linear_Prob 1.00000000000000000000
ActivationFunction_Relu_Prob 0.00000000000000000000
ActivationFunction_Softplus_Prob 0.00000000000000000000
MutateNeuronTimeConstantsProb 0.00000000000000000000
MutateNeuronBiasesProb 0.00000000000000000000
MinNeuronTimeConstant 0.00000000000000000000
MaxNeuronTimeConstant 0.00000000000000000000
MinNeuronBias 0.00000000000000000000
MaxNeuronBias 0.00000000000000000000
DontUseBiasNeuron false
AllowLoops false
DisjointCoeff 1.00000000000000000000
ExcessCoeff 1.00000000000000000000
ActivationADiffCoeff 0.00000000000000000000
ActivationBDiffCoeff 0.00000000000000000000
WeightDiffCoeff 0.50000000000000000000
TimeConstantDiffCoeff 0.00000000000000000000
BiasDiffCoeff 0.00000000000000000000
ActivationFunctionDiffCoeff 0.00000000000000000000
CompatTreshold 2.00000000000000000000
MinCompatTreshold 0.20000000000000001110
CompatTresholdModifier 0.29999999999999998890
CompatTreshChangeInterval_Generations 1
CompatTreshChangeInterval_Evaluations 10
DivisionThreshold 0.02999999999999999889
VarianceThreshold 0.02999999999999999889
BandThreshold 0.29999999999999998890
InitialDepth 3
MaxDepth 3
IterationLevel 1
TournamentSize 4
CPPN_Bias 1.00000000000000000000
Width 2.00000000000000000000
Height 2.00000000000000000000
Qtree_X 0.00000000000000000000
Qtree_Y 0.00000000000000000000
Leo false
LeoThreshold 0.10000000000000000555
LeoSeed false
GeometrySeed false
Elitism 0.10000000000000000555
NEAT_ParametersEnd

Command line parameters
symmetry: False
HyperNEAT: False
Gen | Min | Avg | Max | RunTime
0,3.5,9.0,15,9.27002501488
1,7,12.32,16,9.06403899193
2,1,11.3,18,9.2237238884
3,8,13,18,9.78832793236
4,7,14.72,18,9.91693019867
5,6,14,19,9.60208392143
6,8,15,19,9.649269104
7,11,16.18,19,9.43202996254
8,14,16.72,19,9.69036698341
9,12,15.68,19,9.52824997902
10,9,15,19,9.21856307983
11,11.5,16.1,20,9.19247889519
12,13,16.38,19,9.18293595314
13,13,16,20,9.18954801559
14,11,15,19,9.40479493141
15,8,15.58,20,8.84868907928
16,9,16,20,8.89817285538
17,8,16.3,18.5,8.83432102203
18,13,16.2,19,8.88182497025
19,11,15.84,20,9.12858009338
20,11.5,15.68,19,9.27777791023
21,13,15.88,20,8.75012993813
22,12,16.06,19,9.03147006035
23,14,16.52,19,8.97967004776
24,14.0,16.5,19,9.00367712975
25,11,16.52,20,8.60500311852
26,14,16.14,19,9.04288911819
27,13,16.52,20,8.64053010941
28,8,15.86,19,8.47431206703
29,7.5,16.16,20,8.47264695168
30,10,16.32,19,8.40979003906
31,15,17.7,20,7.95101094246
32,14,16,19,8.20781302452
33,4,15,19,8.55736994743
34,12,16.92,20,8.15578889847
35,14,16,20,7.74593305588
36,6,16,20,7.99159193039
37,13,16.86,20,7.57920193672
38,12,17.18,20,7.62178111076
39,6,15,20,7.15984177589
40,8,16.44,19,7.54120111465
41,12,17.38,20,7.28279399872
42,14,17.5,20,7.31306600571
43,12,17.5576923077,20,7.57796502113
44,15,17.1346153846,20,7.44595384598
45,12,17.14,20,7.39235901833
46,15,17.62,20,7.24024820328
47,6,16,19,7.44516992569
48,11,17.22,20,7.40240597725
49,15,17.62,20,7.46862912178
50,14,16.78,19,7.93841791153
51,14,16,18,7.57629203796
52,13,16.84,19,7.97553491592
53,15,16,19,8.10394883156
54,12,17.22,20,7.6451189518
55,8,17,20,7.5552148819
56,13,17.64,20,7.80293512344
57,14,16.94,19,7.87035489082
58,12,17.52,19,7.70409297943
59,12,16.46,19,8.26261401176
60,13,17.1730769231,20,8.39935898781
61,13.5,17.28,20,7.67047595978
62,8,16,20,8.07276296616
63,11,16.18,19,8.38300395012
64,11,17,20,8.20714497566
65,14,17.44,20,8.48939108849
66,13,16,20,8.41260886192
67,13,16,19,8.18825697899
68,7,16,19,8.2087931633
69,10,16.6,20,8.25148892403
70,12,16,20,8.3215649128
71,6,16.06,20,7.84530615807
72,13,16.68,19.5,8.13129520416
73,8,16,19,8.21473193169
74,13,16,20,8.23534083366
75,12,16.5,19,8.47574186325
76,12,16,19,8.10442399979
77,12,16,20,7.90729403496
78,14,16,20,7.89327406883
79,11,16,19,7.7454791069
80,10,16.25,19,8.32036185265
81,13,17,20,8.07723212242
82,11,17,20,7.6433300972
83,14,17.3,20,7.93579006195
84,10,16,20,7.77455496788
85,12,16,20,8.42225790024
86,12,17.1153846154,20,7.8011238575
87,7,16.44,20,8.21241593361
88,8,16.54,19,7.86429095268
89,14,17,20,7.85977220535
90,5,16,20,8.04835009575
91,13,17,20,7.6063580513
92,12,17,19,7.62459802628
93,13,17.2115384615,20,8.34012007713
94,14.5,17.2115384615,20,8.3381588459
95,12,17,20,8.48970508575
96,13,17,19,8.16882109642
97,10,17,20,8.69634795189
98,12,17.0,20,8.77056884766
99,13,16,20,8.30255293846
